100
1 2
10
11
10 10
0011000110 1101010100 1010111100 1100101001 1100101110 0010000010 0101100001 0011010011 1110011001 0001111111
0000011011 1011100011 1001010100 0110101001 0111111000 0100000101 1001010011 1000101110 0110111100 1111000110
5 9
110010010 101000110 101100111 011010000 101101111
111110100 111111100 100000001 111010101 001000011
10 10
1010000011 1000111101 1100011110 0110011101 0110001010 1101011000 0010010010 1000011011 0110110011 0010010101
1010111101 0100110011 1010011011 1110011110 1000000011 1111011000 0100001010 0000010101 0000010010 0100011101
10 10
1110111001 0001001011 1011101011 1110000111 0101110100 1010011101 0000011110 0001000100 1101100000 0110110010
0011110101 0010101111 1101010010 1000000000 1001110110 0110011111 1101101100 0010100000 0101011001 1110001011
4 9
000101100 000111110 001110110 001100100
111000001 110011011 111010011 110001001
10 9
101100100 101011001 100110101 101001101 000100010 111001110 110100001 010111000 011110011 111100101
010001010 000001011 101010110 000100000 010100011 010110111 001001111 100011101 011011011 111001100
6 7
1110110 0010011 1010000 1000110 0010111 0011111
0010101 1010010 1000100 0011101 1110100 0010001
10 10
0100100001 0111010010 1111000000 1000001011 1000111111 0010100101 1000110111 0111001110 0001111100 1111011000
0100101110 0111110111 0010101010 1110111100 0001011001 1001001011 1001010011 1110110100 0001000101 1110000000
8 8
10101101 11101001 10011111 10000111 00000110 00011110 01101000 00101100
11000101 00110010 01000100 01110110 10110011 11110111 01011100 11011101
6 10
0001101000 1110010101 1100111000 0011000101 1110000101 1100101000
0111000111 1010010111 0101101010 1000111010 0111010111 0101111010
4 4
1011 0000 1111 1110
0101 1010 1110 1011
9 7
0100011 0001001 1110011 1111111 1100110 0110000 1001100 0110001 0000000
0101100 1011001 0001111 1000100 1000101 1010010 1101100 0011111 1101111
10 10
0100111110 1111101110 0011010100 1111001001 1100010011 0010110001 1001001110 0001110000 1010001001 0100100111
0110011010 0011011010 1011100010 0101000000 0000011101 1010000111 1101101101 0110111101 1000100011 1101110100
10 10
1101001111 0100101001 1000110111 0000101000 1111100100 0010010110 0111011001 1001100010 1110010010 0011011101
1111111011 0010001001 1000101000 1110001101 1101010000 0100110110 1001111101 0111000110 0011000010 0000110111
6 6
001101 110100 000101 000001 011110 101101
110101 011101 111101 101110 000100 110001
10 9
100101110 101111000 000000100 000110001 111000110 100110000 111010101 000011100 101111011 000111001
100100101 010000100 001010101 010111101 100000101 010110101 011101110 111011101 000010110 000001011
10 10
0011001101 0110011001 1110001000 1101110011 0001010011 1001100100 1000101110 0110110011 1001110110 0110001100
1001101101 1100010011 0110111010 0001010110 1110001101 0010101101 1001010010 0110101000 0111110000 1001000111
8 10
1110000110 0000100011 1000111000 0001010010 1110101100 0001011000 1110011111 1110100000
0010111111 1110001010 0111100010 1001110010 1101100101 1111011111 0111101111 1010110110
6 10
0111011100 1111001100 1100011111 1100110111 1111100100 0111110100
0001001000 0010110011 1010100011 1010001011 0010011011 0001100000
2 6
001111 011001
111111 100101
7 9
011001000 000010001 111100100 110010101 101001111 101101000 010101100
100001001 001110000 100101110 110000101 111110100 011001101 010101001
10 7
1101010 0011001 0111100 1000101 0101001 1011011 0010111 0101101 1001001 1100101
0111001 0110000 0101000 1101110 0101001 1001100 0001010 0110110 0001100 1100000
10 10
0001000001 1111000001 1000000111 0111011110 0110101110 0100110100 1110101001 1000111100 0011011010 1001110011
1000100101 1111001011 1010111111 0100101101 0100010110 1011001111 0011010000 0101100010 0010111000 1101010000
10 10
1010110001 1110101010 1100101111 0100010110 0001110101 0011001111 0100011100 1111100010 0011001001 1001010000
1110100100 1011110111 1000010110 0101010000 0010001001 1101101001 1111101100 0010001111 0000110011 0101011010
10 10
1011001011 0101011000 1010001110 1110010110 0011100001 1100010001 0100100101 0001111011 1101100100 0010111110
0110000011 1001010101 1101001101 0001100101 0000111010 1000010000 0111111110 1111001010 0010100000 1110111111
4 7
1010110 1000100 0111011 0101001
0111001 1000110 1010100 0101011
1 4
0010
0100
4 10
0011011110 0101100011 0010011100 0100100001
1011011100 1100100011 1101100001 1010011110
2 3
111 000
110 001
10 10
0111111110 1000011000 0010101111 1100000010 1101100111 0001010100 0000011001 1011100001 0111001101 1110110010
0011011010 0011101001 1100001111 0110111000 0101000011 1111110110 1010100101 1001110000 1000010101 0100001110
2 9
101011011 000100010
011110101 110001100
1 9
100010011
000110011
10 10
1010100111 1111011011 1011011011 1101001010 1000101101 0000101001 0101010100 0100000110 0110110100 0011110000
0101100101 0010001000 0000000010 1110011011 1100101001 1101111011 0111110100 1000000110 1011011111 0011110100
8 9
000111110 100100010 110011010 000111011 000011001 101110010 111100010 100010011
001110011 001110110 101011011 111010010 110101010 100111010 001010001 101101010
9 9
011011010 010011110 100000010 001101101 000001010 111001100 100011100 111100110 001010011
011111010 001001101 001110011 100111100 111101100 000101010 111000110 100100010 010111110
3 10
0001111100 0001010101 1000110110
0110111100 1001101111 0011111111
10 10
1101000100 0100111011 0001111010 1110010011 0011000000 0011101111 1000000101 1111111100 1100010101 0010101010
0000011010 1011011101 0001110101 0010100010 1100100110 1110011100 0111100011 1101001100 1100001001 0011110011
3 3
001 000 110
010 001 110
4 7
1111111 1110011 1101111 1100011
1010001 1001101 1000001 1011101
5 8
11100001 00011000 11000110 01010010 10001010
01011101 10000101 00010001 11001111 00110110
10 10
0111010110 1110001001 1000010101 0100100011 1000011101 1001010110 0111101011 0101100100 1011111010 0010101000
1111010111 0100111010 0011110110 1001001011 0101111101 1001000011 1010100100 0110110101 0110001000 1000001000
2 10
1000110011 1001100001
0001100101 0000110111
2 4
0001 0100
1100 1001
6 9
010011100 011000010 101111101 001100110 100110011 111001111
000100000 010011110 011000110 111000001 111101111 000010001
4 9
110011100 111100101 111000100 110111101
101000010 100011010 100111011 101100011
1 8
01000010
11001101
10 10
1000111100 0010110011 0111101110 1101001111 1001001001 1111010000 0100111011 0000100010 0111000101 1010010100
0001011100 1100101110 1111110011 1010110111 1101011011 0111010100 0010100010 0101000101 0010001001 1000101000
10 10
0101011001 1111000111 0001111010 1011100100 1101010101 0000000010 1110001100 1010100000 0100111011 0010111111
1001011001 0010000011 1110101100 0110100000 1000011101 0111000010 1100111110 1101110101 0011111011 0001000110
6 6
100001 001011 100111 101110 001111 000001
000111 100010 101000 001110 100110 001000
10 10
1011100100 0111111010 0100001011 1111011001 1110001011 0000010101 0001110100 0111000011 1000100100 1000111110
1110100011 1111110001 1001011110 0110111001 0000001110 1001000100 0110000000 0001101111 1010011110 0101110001
10 10
1111101001 0011010100 1110100010 0001010001 0110101111 0001011000 0110010111 1001101001 1000010110 1100101110
1111110000 1111111001 0110110111 0010001111 1000110110 1101110101 0111001000 0001001000 1000001110 0000000011
2 4
1001 1011
0111 0101
10 10
1000100000 1011001110 1111101111 1111010010 0110011111 0010101001 0000010001 0001100000 0100111111 1101010100
1100001000 0010000111 0110100110 1111000001 0010111010 1001010111 1101111001 0101001000 1011110111 0000111100
2 10
1110000001 0100111001
1010000110 0000111110
10 10
0100011010 0101101001 1011010101 0110000110 1111000000 1001011111 1011111110 1100100101 0010100011 0000111000
1000011110 1010111111 1000110101 0101100110 0011011000 1100100000 0001000011 0111111010 1111000101 0110001001
3 5
10110 10101 01100
00011 11010 00000
1 4
0111
0100
7 8
00001001 10111000 10101100 11111011 01101001 01001011 00101111
01101111 11011110 10011100 01111011 00101100 11111000 10111110
1 10
0000011101
0111111011
10 10
0110000010 1000001101 0011111101 0110100000 1001100011 1100111010 1110001100 1001111011 0101010100 0011010111
0110001101 0011111010 1101010111 1011010110 0011011000 0000001110 1001100000 1100100001 0110100111 1100111001
10 10
1011001010 1110101111 0000111100 0010110000 0110011010 0010000101 1101100101 0001110111 1101001011 1101010000
1001111100 1010011000 0101100011 0001001001 0110100100 0111101111 1010000011 1100011001 0101010110 1010110110
10 10
0001111001 0111011001 0111100100 1100110100 1110011100 0100110110 1101111011 1100000101 1111011101 1001110010
0000010000 0101111010 1111100111 1001011111 1100011011 0011000100 1000111011 1101101101 0001000100 0110110001
10 10
0010000110 1001010000 1111110011 0010101111 1001101000 0101101111 0010010011 1111111100 1100010101 0100001000
0011011010 0101010100 1101001001 1110101111 0011110011 0011001111 1110100000 1000001100 1000110100 0100110011
10 10
1000100001 0110001001 1111001111 0100111100 0001000010 1001110110 1110111001 0110010001 0001000110 1011111110
0101101100 0010111011 0010100011 1100001011 1111010100 1011100101 1010010011 1101011100 0101101000 0000010110
10 10
1110001000 1010010001 1001011011 1001111110 0100100000 0100000110 1001100011 0110101101 0011010110 0111111101
1010000001 1000001100 0101110111 0101001111 0110111101 0101010010 0010100100 1000101010 1111111010 1011010001
3 9
101111111 101010011 110000000
110100001 110001101 101110010
5 8
11100111 01011001 01110001 11100001 01011101
00001000 00100010 01111100 01110100 11100111
10 10
0011000011 0111110111 0110101110 1001010101 1100000000 1100111001 0111111000 1001001110 0000101010 1010010101
1111111001 0101101111 0000111010 1100010000 1011001101 1011000010 0110101111 0101110100 1010010100 0000000011
10 10
1000011011 1111111011 0010010010 0000001100 1110000000 0001100100 0110011010 1011110101 0101101101 1101100111
0011101000 1010001111 1101110000 1001111001 0110011101 0101111010 0000000110 1110000111 1000010001 0111100110
10 10
1010101101 0000001111 0111010001 1000011011 1100110100 0011000000 1010100100 0101010110 1111111011 0101101010
0011011110 1001110011 0110000001 1100101010 0100111110 1111100101 0000010001 1011110100 1001001111 0110001000
5 10
0110111110 0111000011 0111010101 1011000011 1100010000
1010000110 1011011100 1111011101 0101001000 1011100011
2 4
0011 1001
0010 1000
10 10
1101101001 1111101000 0000110111 1000001011 0111010100 0011011100 0011100010 0100010011 1000011110 1110100101
1110010100 1011100011 1000101111 1110000001 0101101000 0101010110 1001100010 0110111101 0010011001 0001011110
1 10
1111001101
1001110011
10 8
01010100 00011101 10111101 11100110 11111110 01001000 01000110 11110100 01011110 11101000
00000100 01001101 01011111 11111111 11110001 10100100 11101101 01010001 01000111 11100111
3 8
10001101 11110011 11101110
10000111 00010011 11111110
10 10
0110111110 1000010100 1101010110 0101001001 1011101000 1001000111 0111110101 0010001010 0010101001 1100110011
1111001111 0000110000 1011011000 0101110010 0100100001 0110001110 1010010011 0001010101 1000101111 1111101100
9 7
0001110 1100111 0111001 0111000 1101010 1010101 1011000 0011011 1000001
1100000 0100010 1101100 1000101 0001101 0101110 0100110 0011100 0101101
4 3
011 010 001 000
100 111 101 110
2 3
011 001
110 100
10 10
0111100000 0101100110 0100000111 0011001111 0000111101 1111010010 1010111100 1000111010 1111000001 1000011001
0110001111 0111101110 1000110100 0010110101 1010110010 1010010001 0101101000 0001000111 1101011010 1101001001
2 5
00110 11101
01010 10001
10 10
1101100101 0110100011 1010111001 1010000001 1001011110 0100110100 0011011010 0101101111 1010011010 0101000100
1100111111 0000001110 0011001010 0011101001 1010001010 1100010100 1111110011 0100110101 1101100100 0011010001
1 6
100001
001011
2 2
11 00
11 00
10 10
1100111101 0000101101 1011111010 1001010000 1001011110 0111110011 0110000011 1011000100 0100101001 0110000110
0000000000 1100010000 0111000111 1010111110 0111111001 0101100011 0101101101 1000010100 1010111011 1011001110
5 8
10110101 00010100 01000110 01110101 10110100
01110001 00010000 10110000 10110001 01000010
10 10
0001001010 0010001111 1110100111 0010110001 1101001000 1101110011 0100111000 0110010110 1001000100 1011111101
0011010100 0101011101 1010011111 1010100100 1001001011 0110100110 1110101000 0001111010 1100010001 0101100011
10 10
0000110001 0001001101 1011000100 1010011000 1111110010 0100101110 0101001011 0011100010 1100011101 1110110111
0000100000 1111100011 0001011100 1011010101 1010001001 1110100110 0011110011 1100001100 0100111111 0101011010
4 5
00010 01101 01001 11001
10010 11001 01001 11101
10 10
0010010100 0100110110 0100001100 1011111011 1001101010 0100001101 0100000111 1111110010 1011000001 1011111001
1001110010 1001110000 0110001110 1101111011 0110000100 1011100011 1001001000 0110000101 0110111111 0000011101
2 8
00111011 11001000
01000000 00100000
3 9
101001010 010110000 001011100
010110010 001001000 001100000
5 5
10100 01010 01001 11100 11101
01010 10111 10100 00010 00011
10 10
1011001000 0100111010 1000001101 1001000101 1101110000 1010110110 0101010011 0010000001 0111111110 0110101111
0010110010 0011100011 1111010101 1100010000 0110011100 1110101011 1001101101 1101011000 0000100111 0001001110
10 10
1110011000 1111011100 0001110011 1101101010 0000010101 1010101100 0000100011 0110100100 1001000011 0111011111
0101111110 0110010001 0001001010 1001110110 1110100001 0000001110 1000001101 0010111000 1111110001 1111000111
8 6
001100 000011 100100 111010 111101 010100 111000 011111
011000 111111 000100 001011 100011 111101 010011 111010
10 10
1110111111 1010110101 0101110010 0011000000 1001101100 0101001001 1111111111 0100000010 0010001010 1000010101
0011101001 1100101110 1011010110 1100010101 1010011100 0111100011 0110100011 1101011110 0000110000 0001001001
6 10
0111010100 1110011010 1111010101 0000001100 1011101011 1001000111
1010011001 0110100110 0010011000 1101000001 0100001010 0011010111
