100
1 2
00
01
4 3
110 001 011 100
110 100 001 011
2 3
111 000
001 110
10 10
0000000110 1111111010 0010100011 1101010010 0100101100 0011001101 1000110111 1001010001 1110011001 0111101100
1010011011 1110111010 1011110101 0000000111 1001010000 1101111010 0001100001 0110101100 0111001111 0100000100
10 10
1000111100 1110010111 1100000111 0011101000 1010111110 1000101110 0111000001 0111010001 1100010101 0011111000
1101000111 0100000001 0110010001 0010101010 0110000011 0010111000 1001101110 1101010111 0000101000 1001111110
10 10
0001101101 1111001001 1001101010 0010111010 0100000011 1011110110 0101010110 0110010101 1000000001 1110111100
1011000110 1101111111 1000010001 0110110101 1111101001 0010001010 1100101010 0001111101 0111000000 0000010110
3 3
111 101 100
001 000 010
5 6
011011 111101 100100 000101 101111
101000 010111 100011 001001 110001
10 10
1001000100 0110100100 0111001000 0010010111 1100110011 1001101100 0001111011 1000101111 1110010011 0111011000
1010100000 0100010100 1111101111 1100000011 1010110000 1011011100 0011101011 0001001011 0101010111 0100111100
10 10
0111101010 0111111101 0100011011 1010100111 0101010100 1000101101 1110011000 0011010010 1000000100 1001100011
0001010110 1000110011 0110101101 0111100011 1010011010 0101101001 1000100100 1100011100 1011010101 0111001010
10 10
0010010000 1001100110 1110001111 1100111011 1111011001 0010010110 0101101000 0110100010 0001111101 1001000101
0010111101 0101100010 1111111011 0001010000 0110101000 1010100110 1100011001 1101001111 1010000101 0001010110
2 8
00010001 01010001
00111100 01111100
10 10
1101001101 0001000111 1111000010 1100011110 1000010111 0000011110 0111010001 1001101011 1000001111 1000101000
1101110000 0101000110 1101001111 1101010111 0100011111 1100110011 1001000110 1010011010 0010001001 1000010101
4 8
11110110 00101011 10100110 01111011
10100110 01111011 11110110 00101011
6 6
011110 011101 100010 001110 110010 110001
110011 110000 011111 011100 100011 001111
10 10
1100101011 0101010011 0011100101 1110110110 1101101000 0111001100 1010011111 0001000000 1010110101 0000011010
0010000000 0101011101 1010111011 0101110111 1000100100 0001011110 0011000011 1111110010 1110101000 1100001101
2 4
1011 0011
1100 0100
1 10
0110000111
1001110000
10 10
0111100000 1000011011 1010111100 0110011100 0001100010 1001101010 1101000111 1101000101 0110011001 0010110111
0111111101 0010101010 1101011010 1010100001 0001111111 1001110111 0110000001 0110000100 1101011000 1000000110
2 8
01111001 01100100
00111011 00110111
1 6
001001
010001
1 2
11
01
10 8
11111010 01111111 01011010 00011000 01111101 01001010 00000100 11010101 10111100 10111111
11000011 10011101 10000001 11100100 01100011 00100101 11100110 11010011 01001100 00100110
10 10
0111110110 1000101001 0011000000 1110110001 1010000110 1001001100 0010010011 0100101111 0101011110 1101111001
1001011101 0000001011 0011000011 1010000100 0111110100 1110110010 0100111110 1000101100 1111100001 0101011011
10 10
1010011101 1100011000 0011101100 0001100010 0101000110 0110100011 1000010000 1110111011 1101010101 0011101111
1000100000 0000111000 0101110111 1110001011 1011001110 0111111001 0011011101 1100000110 1010000011 0101110100
10 10
1001100010 0110100010 1000001001 0110110101 1111010111 0101111000 0011010100 0000101110 1000001101 1111011011
0001011011 0100001101 0111110111 1011110100 1011111000 0010000001 1100101110 0010010110 1100101010 1101000001
8 7
0000000 1001111 0010011 0110011 1101010 1000101 0110000 0000111
0011000 0010010 1000100 0111101 1100111 1010111 1100100 1010000
10 10
0110000011 0010110100 1000010000 1001010000 1010011111 1011011111 1000000010 0011110100 1001000010 0111000011
0100000010 1011000011 0101010000 1111110100 0101000010 0110011111 0111011111 0100010000 1010000011 1110110100
10 10
1110001011 0000110110 0001000100 0100100110 1101110001 0010011011 1011011100 1011010101 0111101001 1100101010
1001110000 0101101100 1011011101 1000000010 0010010011 0010011010 1110101111 0111001101 0100110111 1101100000
10 10
0001101010 1110011000 1110110111 0001001011 0000100001 0000011101 1011010000 0101000101 1111110110 1110101110
1011010110 0001001101 1010111100 0100110011 1011110111 0100000101 1111011000 1010000000 0100101010 0101101011
10 10
0111001001 1001110101 0100010110 0000100010 0111000000 1110011010 0000101011 1011110110 1001111101 1110001101
0111110100 1010011111 1001000000 1110100010 0101111111 0111111100 1110101011 1001001001 0000010011 0000000100
7 6
110000 010001 010110 010100 011000 111010 001110
110110 011000 101100 110011 010010 110100 111010
5 10
1001000100 1110010001 1111010011 0000000101 1110110111
0110000010 0110100110 1000101011 1110101101 1011001000
10 10
0111000011 0011100001 0010100011 0101101000 0100011011 1000110110 1001001100 1100010101 1110011100 1011111110
0001100111 0101000101 0010111111 0100000111 0011001100 1000111000 1101011010 1110010010 1010110001 1111101000
4 8
01011111 01000101 10101100 01100111
10110101 00111100 00000001 11011111
2 6
110001 111010
011010 010001
7 6
111010 101100 011001 011110 101111 100011 100111
101010 110111 001001 110011 111111 001110 111100
10 10
0110111000 0111110001 1001011100 0110000110 0001100111 1000011001 1100110010 0001100000 1111001111 1010001111
0000011011 1000100000 1111000001 1110110110 1000100111 0110001000 0001011110 0101110101 0011001000 1111111111
10 10
1000100010 0100110001 1110011100 1101101111 0010101000 1011010001 0110011110 1001000101 0111000111 0001111010
0101100001 1011011101 0010000101 1000101110 0111001110 1110010000 0001010111 0100111000 1101100011 1010111010
8 8
00111000 10101111 01111001 00110111 00000010 01100110 00011101 11111111
10110111 10111000 10011101 11111001 10000010 01111111 11100110 00101111
10 10
1100000100 1101011110 0000100000 1101000011 0111000111 0001110001 0010111000 1111111110 0010011111 1010101001
0101001000 0100010010 0011100101 1011010011 1011110100 1001101100 1110001011 1000111101 0110110010 0100001111
10 10
0011011100 0100000001 1001100000 0110100111 1110010111 1011110000 0001001111 1101101100 1110111011 0000011010
1011100001 0001011101 1000100111 0011001101 1110011010 1001110010 0110101010 0101010001 1100111100 0110000110
10 10
1000111100 0000011110 0110010001 1101000010 0011101011 1001100101 0111101010 1110011001 0001000100 1110110111
0011111100 1101010001 0101110111 1000101011 0010100101 1011011110 1100101010 0101011001 1010000100 0110000010
1 6
001001
111110
10 10
1010101101 0111111001 0001011011 1011001000 1110001111 0101100110 0101110100 1100000100 1010110010 0000010011
1100101001 1000010100 0111000000 0010110101 0101011111 0011111101 0111010010 1001101110 1110100010 1000001011
10 10
0011000011 1100001100 0011111010 1010110100 1100011111 0010100100 1011101011 0101010011 1101111000 0100000101
1001000010 0110011110 1110110101 0001010010 0111111001 0111101010 1000011100 1000100101 1111100011 0000001101
10 10
0100101110 0011011001 1011001000 0100100100 0001010111 1110111011 0010100010 1000001001 1111010110 1101110101
0111011100 1101000011 1011111110 0010100101 0100101001 1000110000 1110000010 0010101111 0101010010 1001011101
4 6
011100 000001 100001 111100
011110 111110 100011 000011
1 5
00010
11010
10 10
1111001001 0011001001 0010010111 1001100110 0001111001 0001101000 0100000110 1100011100 1110110110 1110110011
1001100000 1010110101 0110110101 1100011010 1011001010 0100000101 1011001111 0111101011 0100010100 0001111010
5 10
1001101111 1110100100 1010010100 1101100101 1100101111
1000111101 1101111101 1001110111 1010110110 1110000110
8 6
110001 110101 000101 110000 000110 000000 000001 110110
000111 110000 110011 110110 000110 000000 000011 110111
10 10
1001110111 1101011101 0101101001 0001100110 0110000011 1010001100 1010010000 0110101110 0010011010 1101110001
1101010001 1001011110 0101000000 0110111011 1010110100 1010011001 0110100111 1110101101 0001000110 0001101010
10 10
1001101011 0010001101 1100110101 1101101111 1110000110 1011010000 0101110110 0110001001 0000010010 0011111000
1111110001 0110001000 0011010110 0100110011 1001101010 1100011011 1101101110 0001100101 0010001100 1010010101
6 8
10110100 01111001 01001011 01111110 00001001 10100110
11100010 01011111 10010101 01001101 10100000 10010010
8 5
00000 01101 01111 01001 00111 00010 10000 10001
01011 10101 10011 11000 01010 11010 10111 11101
10 10
0001011101 0010100100 1011110001 1110011011 0111000011 1000110110 1000111110 1101001010 0100101001 0111000100
0111010001 1101100011 0100111011 0001011100 1110110010 1011000110 0010100101 1000001001 1011001110 0100111100
10 10
0110100000 1010011111 1011101111 1110110000 0101000111 0001011011 0000011100 1001111010 1100000001 0111100100
1110110000 1000001100 1101010111 0100010001 0110100000 0001101010 0010001111 1111110100 1001001011 0011111111
10 10
1110010001 1111100101 1011111010 0100000111 0110111000 1001001011 1001110100 0000001111 0001101010 0110010100
0110111111 1011111101 0100000000 0110010011 0001101101 1110010110 1001001100 1001110011 0000001000 1111100010
5 4
1111 0100 1000 0000 0010
1011 0110 1100 0000 0100
2 9
101111101 101011001
101110101 101010001
3 10
1010110001 0011101111 0010010100
0000111100 0000000011 1011101111
10 10
1010111111 0100000010 0010111001 1011000011 0101011001 1101110100 1011100101 1111110010 0000001100 0100001110
0001110101 0111000010 1111000100 1000001111 1110111000 0001111001 1010001001 1110011110 0101110111 0000100010
2 8
00111011 00101110
10101111 10111010
10 10
1001000111 0011110100 0010111101 1011001010 1100101001 0110000101 1110010011 0001111010 0101110010 1100001100
1111010011 1000110000 0110100100 0010011100 1010001010 1101011110 1000010101 0001101011 0111101101 0101100011
10 10
1011100111 1000110010 0101101101 0111101100 0100001000 1110011011 0001010110 1101110111 0010011000 1010000001
0111110101 1011111110 1001111111 0010001001 1101000100 0001100101 0100100000 1000011010 0110010011 1110001010
10 10
1001010111 1101100100 1110010010 0100111111 0100100001 1011101011 0001001010 0010001101 1111011000 0010110100
1110100101 0011001101 1000101110 0111111110 0001110001 0100001000 1000010111 1011010000 1110111011 0101000010
10 10
0000100111 1011000000 0110011001 1001111111 1111101010 1001011010 1010110111 0111100100 0100001001 0100010100
1111001101 1000001110 0101011101 1011100011 1001110011 0100101010 0110110000 0000000000 1011111110 0110010101
1 5
01010
01101
2 4
0101 1100
1000 0001
7 9
011010110 101100010 110011110 000110001 101110000 010000011 010101101
100100000 111000111 001110011 110010010 110111100 001100001 010001111
10 10
0000011101 0110101011 1111110000 1000001010 0111110001 0001110110 1111100101 1011001000 1000010110 0100001111
1101100010 1011100101 1110011100 0001011011 1010001110 0010000101 1100111000 0101100011 0010011001 0101110110
6 9
111010011 010001100 100011110 111010001 100011100 010001110
111110101 100111010 001100101 001100111 100111000 111110111
10 10
0101001000 0110011100 0001101110 1011100011 0001000111 1110111011 1100110100 1110010011 0011001100 1000110001
0101100101 0110110001 0001000011 0011100001 1011001110 1110010110 0001101010 1110111110 1100011001 1000011100
1 4
0001
1000
10 10
1011110001 0000000010 0101111111 1110101000 1101001110 1010000001 0100111101 1011011110 0001110101 0110000010
1010101010 0000111111 1110010101 1111100010 1000010101 1011101000 0011011001 0101100110 0100010110 0101001001
10 10
1000101001 0111011011 1001000100 0100000011 0100110100 0011010010 0010011100 1110110101 1001101011 1111101110
0011010011 1000100100 0110010100 1111111010 0101001100 1000001011 0101111011 1001100110 0010011101 1110100001
4 7
1111111 1010111 1101100 1000100
1010011 1000000 1101000 1111011
10 10
1100000110 1101000100 0011000100 0110101001 0001011110 1010100101 0100111001 1111111011 1000111010 0011010011
1101111110 0000100110 0100011010 0001100100 1111110011 1111100100 1000011001 1010001001 0011011011 0110000101
7 5
00000 10101 01011 10100 10110 01101 00101
10000 01111 01110 11011 01101 10110 11110
10 10
1101100001 1110101010 1100010110 0110101111 0001011100 0001011010 0010100101 1011010001 0101001001 1010110110
0101000110 1101010101 0110111111 0110111001 0010101010 1010000010 1001001001 1011110101 0001001100 1100110010
3 8
00101100 11111000 10100011
01000001 11001110 10010101
1 9
000000001
110110110
10 10
1101011000 0001011011 1011100101 0011101111 0100111100 1010011011 0100000000 1011100100 1100110111 0110000010
1010011110 0100101001 1100100010 0001000100 0011111010 0110011101 1011110001 1100100011 1101011101 0011000110
10 10
1100101101 1010100001 0000110011 1101100100 0011001000 0010001100 0111110010 0110010111 1001011111 1101011010
1000100110 0101110001 1011011101 0010110100 1111100111 1010011001 0101001111 0100111000 0001001010 1110000010
6 9
101001100 010010100 010110110 011000011 110101011 011101100
000000100 110010000 111101100 100111101 001000000 100111010
4 6
011110 011001 100110 010001
010110 010001 011110 101001
4 8
00111100 11110001 00101110 11100011
11000011 00011100 00001110 11010001
2 9
001011001 010101100
011001110 000111011
8 10
0111001010 1101101010 1101001111 0000011011 0010100100 1010011100 0111110000 1100101111
1000011010 0010011101 1111001001 0101001100 0000100010 1111101100 1110101001 0101110110
10 10
1000000011 0100001101 1011011111 1010000100 0011110000 0011111001 0110101010 1100011110 0101110011 1101100100
0010011010 1110110100 0100000000 1100010011 1101101101 1011101110 1011100111 0101111010 0011000001 0000011101
10 10
1110011111 0111111001 0111010100 1000100001 1110000110 0011111110 0100101000 1001100010 0000010011 1001001101
1000111011 0010001100 0100110010 0101110001 0010010101 1011101010 1011000111 1100000000 1111101101 0101011110
5 7
1001000 1000110 0000100 0101101 1010110
0011101 0000101 1011000 0001010 1011100
9 8
00100010 01011110 11000100 00111000 00000000 01000110 01001101 01000010 11101011
01111000 00000010 00011110 01100010 00000110 01000000 10000100 00001101 10101011
7 10
0111011110 0101010001 1000110000 1101110000 1000010010 1111111011 0101101011
1011110000 0111101110 1011001101 0001001001 1100110000 0001001110 0001000000
1 3
000
011
4 7
0110011 0001011 0110010 0001010
1100101 1100100 1011101 1011100
1 3
010
111
8 7
1001100 0110011 0001100 0000100 1111011 1000100 1110011 0111011
1110011 0110011 1001100 0111011 1000100 0001100 1111011 0000100
8 9
111010001 100101111 111110001 110110001 010010111 010010011 000011000 110011111
011100001 111011001 111111111 100000000 000001001 111101101 110110011 110011010
