100
1 2
11
10
9 8
10110111 10110011 00100001 11000011 00101001 01011010 00100110 11110100 11011011
10110100 00000010 10001000 11100001 11111011 01111010 11000011 00011101 01000101
2 4
0011 1100
0000 1101
1 2
11
10
1 4
0001
1100
1 4
1001
1111
10 10
1011000001 0111011000 0000101100 1010111001 0000110011 0100110111 1101000110 0010000010 1111111110 1101001101
0010111100 0000000100 0111111011 1010011010 1101101110 0000001111 1111000000 0110000011 1001110101 1101110001
4 5
10101 10100 10000 10111
00011 01011 11010 10010
8 8
00000010 00001000 11101001 01100011 00001010 11101010 01100101 01101100
11111001 11101101 01000111 11101010 10110101 10010110 01110101 10001011
9 10
0100001000 1010001011 1010011010 0001111011 1000001011 1000010011 1101110001 1110111110 1111010101
1110011000 0010011011 0100101110 0111100001 0010000011 0101000101 0000001010 0000011011 1011101011
2 7
0110011 1001010
1001000 0110001
10 10
1110111001 0011100000 0001100111 0100101111 1111110110 0001001010 1100010001 1010011010 0110000101 1001011100
1111000101 1001001110 0100111000 1100000011 0110111111 0001110000 0011011010 1010101001 1011100110 0100010101
10 10
0011000100 1110001001 0011101010 0110111010 1000100011 0000001111 1100010100 0101010101 1101111000 1011110111
0101110100 1011100110 0100011000 1011001000 0011111011 1000000011 1101011001 1110110110 0110000101 0000101111
10 10
1110000100 1100111000 0110101010 0011010001 1011000001 0101011010 0010000101 1001111110 0101100111 1000111111
0000111110 0111000111 0101111000 1111010111 0100111001 1110000011 1001100001 1001011100 0010000010 1010101100
4 7
1100101 1100001 1111101 1111001
0111001 0100001 0111101 0100101
8 10
0111110111 0110000000 1011010011 1110001111 1011011011 1010100011 1010010010 1011000110
1010010110 0111110011 1010100111 1011000010 1011010111 0110000100 1110001011 1011011111
10 10
0101110111 1011100101 0110001010 0100110010 0010011000 1101010101 1010101110 0001011101 1110001001 1001100010
1011011110 0001100110 1110110010 0010100011 0100001001 1001011001 1101101110 0110110001 1010010101 0101001100
10 10
0110111010 1010110101 0000010000 0110101111 0011001010 1001100101 0111011000 1101100011 1100001101 1001010110
1110100101 1110010110 0100111001 1101000110 1011111110 0001011100 0001001001 0111100011 0000101011 1010010000
6 4
0110 0101 1000 1101 1110 0011
0101 1100 0000 1110 0001 0110
10 10
0111011110 0000000011 1111100001 0111110100 0011101110 1101010111 1110111000 0000000000 1000001101 1000111011
0000000101 0100011111 0000101111 0111110010 1010100110 0111110001 1000010000 1111111100 1001001001 1111001010
2 6
100011 011101
011011 100101
2 3
001 100
011 000
4 5
10110 10100 10111 10011
10001 10010 10011 10110
2 2
10 00
00 10
4 8
00100110 00111101 01111110 10011001
00111110 10110011 11001010 11000000
10 10
0001101111 0000111010 1101000101 1110101000 1111010011 0110111001 1000000010 0111100110 1000010100 0011011101
0111110111 1000000101 1000010011 0001111110 0011001100 1111000010 0000101011 1101010100 1110111001 0110101000
10 10
0110110010 1001000110 0100010111 1010111010 0111101101 1110101001 1101110100 0011011111 1001001000 0000000001
0100111101 1010010110 0111100011 1110101010 0001010000 0000001111 1001001011 1101011000 1110100100 0011110101
8 6
010101 001010 101100 001000 011011 000011 111011 011000
110011 101110 000011 001001 110101 001110 101111 111011
4 4
1101 0010 1110 0001
1100 0000 1111 0011
1 6
000110
001011
1 3
000
111
4 6
101111 110000 100111 111010
001100 000110 010001 011001
10 9
100001001 100100000 110010101 111010111 101100010 110100100 101001011 111100110 101000010 100000000
010101101 001101011 010001101 001011010 010000100 011001111 011101111 000011000 000101001 011000110
1 5
11001
00000
10 10
1011001111 0000110100 0000011100 0100100000 0111001011 1011010011 1111101001 0100111011 1111010110 1000100100
0100000111 1000011111 0011010000 1100011010 0011111000 1000000011 0111101100 0111110111 1011101000 1100100101
2 6
110000 111011
110001 111010
6 5
01001 01000 11110 10111 11111 10110
00001 01000 01001 00000 11111 11110
10 10
1101011101 0011100100 1011001011 1000110011 1101001100 0101010011 0110111000 0110100111 1000010110 0010101000
1110001111 0101100100 0001101011 0000100111 1011010101 0110010000 1000001000 1110011110 1011110000 0101111011
6 9
110100100 110000100 011111001 110111100 011100001 110011100
010111011 111000110 010000011 010011011 010100011 111011110
4 5
00000 11001 11100 01010
10101 00110 10000 01100
10 10
0001010101 0100011101 0100000000 1010101011 0100011001 0011110111 1101001000 1011101010 1011100110 1110110110
0110100001 0011101101 0011110100 0100000011 1001000010 1101011111 1100011110 1100010010 0011101001 1010111100
6 9
010011101 111111010 111000110 111011110 000100111 101101111
101010110 000001101 101001110 101101010 010110111 111111111
10 10
1001001011 0101101101 1111010111 1000111100 1001010010 0010010100 0011100001 1110011010 0100101100 0110100011
0000111101 1100001011 0110110001 0111110000 1101000110 0101111111 0001001000 1010010111 1010001110 1011100000
1 9
010110001
101011100
10 10
0000011010 1111101001 1110000111 0001000100 0110010110 1001101000 1101111111 0011110100 0000010011 1110101001
0010111011 0011100101 1100001000 1111011110 1100100110 1101001000 1011001001 0100110111 0001010101 0010110010
2 6
110001 000010
001110 111101
4 6
001001 011110 011010 001101
110100 100011 110000 100111
4 5
11001 01001 00111 10111
00110 11000 10110 01000
4 10
1110000000 1110000010 1101100011 1101100001
0010010010 0001110001 0010010000 0001110011
10 10
1100110010 1100001111 1010110110 0001101001 0110011100 1011000011 0111110101 1001100110 0000001000 0111011001
0011001111 0011100011 1000100100 1111010101 1110100000 1101110000 1000011001 0010001010 0100011110 0101111111
10 10
1011011110 0111011111 0101101100 0111000111 1011101001 0110000010 1000100001 1100111100 1000110000 0000010011
1100000000 0101010000 0110111110 0111111011 1011100010 0000101111 1000011101 1011010101 1000001100 0111100011
3 10
0001001011 0011111100 1011000110
0101111001 1101000011 1111110100
10 10
1111100011 1110110100 0110001000 0011000001 1001010100 1101001111 1011010010 0000111010 0000111101 0100101111
1100000101 1111111110 1011101011 1001001100 0000100111 0110010000 0001110000 0100010110 1111111001 0010001011
7 8
10111110 10010101 00100010 00010100 00011001 10100100 01010000
01101010 10110110 00110111 11000100 01101100 00110010 01011111
10 10
1010010100 1100001010 1001011001 1110110011 0101111110 1010101111 0011001101 0000000010 0101110001 0111100100
0000111110 1010101010 1100011001 0111010100 0011110011 1110000011 1001100101 1100010110 0101101101 0011001000
4 10
0010011100 0101101011 0011001001 0100111110
1110111110 1001001001 1111101011 1000011100
4 5
11001 10110 11111 10000
10000 10110 11111 11001
1 2
00
00
3 2
10 11 00
01 11 10
10 10
1111000011 0001010110 1100111110 1100110001 0101011100 0010010100 0010100000 0001101111 1110101001 1011001011
1110011110 0111110101 0100000011 1001100100 0111000001 0000001001 1010010110 1011111100 0100111010 1001101011
5 8
00110101 00111100 11111000 10110000 10010000
10000100 11101100 10100100 00101000 00100001
2 6
100010 101101
001100 101111
10 9
000100111 000101111 111000001 010010010 010001010 001011010 110100010 000000010 111011011 111010011
010111101 000011010 110100011 111010111 001000011 011111000 010000110 101010101 100010111 011111100
8 8
01000001 10101110 00010010 11101001 00010110 00000110 10111110 10111010
01000111 00010100 01000011 11111011 11101111 01010011 11101011 10111100
10 10
1101100011 0001111001 0111010101 1110101000 0010100100 1010101111 0101000000 1011011111 1100010110 0000011010
1011010111 1110001101 0111011011 0101100101 1001101001 0000010010 0110101110 1010110100 1100011000 0001100010
10 10
0111101101 0001110001 1101000110 0000000010 1011011101 0100111001 1010011010 0010011110 1100100100 1111100011
0100101010 1101010101 0010001101 0000010001 0001100010 1010001001 1011001110 1111110000 1100110111 0111111110
4 4
0100 0110 1000 1010
0110 1010 1000 0100
1 8
00111000
11010111
2 10
0101011010 1001101110
0110011010 1010101110
5 4
1000 0001 1011 0110 1010
0010 0000 1001 0011 1110
10 10
0100001101 0000010001 1011011100 1001110100 1010000010 0111011111 1001100010 0110101011 1101111100 0110100011
1010111111 0111010010 1101110001 1100001101 1100000101 1110100011 0001110010 0011001100 0000101100 0011011010
10 10
1001111011 0010000111 1101001110 0110101000 1111111011 0011000101 0011011010 1100100000 0000110101 1100010100
1011011101 1011101001 0001010101 1000000110 0111001000 1110000110 0101111010 0100100111 1010110011 0100111000
10 10
0010000000 0010101110 0011110000 0001010001 1100000101 1110101101 1001111010 1101010011 1111001110 0100111111
1101001000 0000011100 1100011110 0011100011 0101110010 0011001101 0010111101 1000110111 1110000011 1111100000
10 10
1001010110 0011100101 0110110110 0101101101 1100011110 1110100001 1101000001 0010001001 1011011010 0000111010
0110100100 1110011011 1011001000 0000111111 1000010011 1101000100 1111110111 0011011111 0100101000 0001100000
1 7
1110010
0100101
6 9
011010010 010101110 100011110 010110101 000011001 111010100
000110001 110000001 111111101 100110110 110011010 011111011
2 7
0010010 0110100
0110101 0010011
10 10
0010110100 0001100100 0111001101 0111010101 1101001010 0100100010 1110110111 1011011011 1000111011 1000001000
0101110100 1100001110 1100010110 1010100111 0000011000 0011111000 1001110111 0110001001 0011001011 1111100001
8 9
011011111 101001001 101111101 101100101 010011100 001110011 110010100 100010010
011101001 100110011 011011011 101010100 111101101 111111101 100100110 100010101
6 8
00011100 01000011 10101100 10010110 11111100 11010100
11100101 10101011 01110100 01101101 00010000 01001001
10 10
0011000110 0000101101 1111010010 0101011001 0110101010 1000110000 1001111001 0011001100 1110110111 1100000111
1111100000 0010011011 0001111010 0010010001 1001100111 0111111101 1000101110 0100001110 1101010000 1110000101
4 10
0111101010 1110110111 0011000010 1100110100
0100000010 0110000001 1101011111 1001110111
5 10
0100010010 1011000100 0010001001 1000100111 0101000011
1001100100 0110101111 0100011110 1010100001 0001101001
10 10
1101000011 0011101111 0000000110 0100101001 1101110001 1101001000 0110111100 0011111111 1010010100 1010010010
1110111101 0000010001 1110101101 0000100011 1101010100 1001111011 0111000000 0000011010 0111000110 1011101110
1 2
00
10
10 10
0111110000 1000110110 1011100110 0110010011 0101010110 1000001101 0100111001 1111001011 0001101001 1010001100
0100000110 0001000001 1100111101 1110011011 1101011110 1111110100 0011111011 0000101011 1010100100 0011000000
1 10
0110001010
1100101111
10 10
1011000000 1101111101 1001010010 0110010111 0000101111 0111100000 0110010010 1000001101 1011101100 0100111011
0110011000 1101110111 1101011011 0000100000 1111100101 1110111010 0000100101 0010001100 0001010111 1011001010
2 7
0011011 0101011
0011110 0101110
10 10
0111111100 1001001111 1111000111 1010100011 0000100010 0001111000 1111111001 0110010111 1000001000 0100010100
0100100110 0011001001 0101001101 0010010011 0110100101 1010111001 1000010010 1101110110 1011111110 1101001000
10 10
0111101011 0011001101 1000011111 1110110010 1001010010 0111000101 1101100100 0100001000 1010110101 0000111010
1001000000 1010001101 0000101100 1110000101 0101010111 0011111010 0111111101 1010100011 0100011010 1101110010
5 10
1001110000 0010000001 0101100101 0001010011 0011100100
1011010000 1111100110 0111000101 1101010001 1100110100
8 8
11010010 01111001 10001110 11000100 10110110 11001001 10000110 00100110
10111010 01000001 01011101 01001110 11001001 01011100 01100011 01101011
10 10
1000111000 1111111011 0001000001 1110100111 0000001010 0100110111 0011001110 1111100101 1111010000 0000011100
0011001101 0111100110 0111110000 1111000010 1000101010 1001011101 0110111011 0100110100 1000000001 1000011111
6 8
01111010 10111000 11010100 01001010 00000011 01011000
11011011 01111101 00010111 01010101 01110101 10111010
10 5
10000 11011 11010 01001 01011 00100 01010 10001 00101 01000
01000 11001 00110 01001 11000 10011 10010 01010 01011 00111
9 9
000001011 101000010 110110010 010011001 101011010 000011100 000111011 110101001 011110000
001011010 110011001 010101001 010110010 100001011 001000010 100111011 111110000 100011100
2 9
010010101 111011001
101111010 000110110
10 10
1010001111 0100000000 1101101110 0101101011 1010011110 0011110001 1001110001 0011010101 0100111110 1110000000
0011001000 1111010010 1001001000 0000100111 1110111001 0111010111 0100111001 1001101100 1110000111 0000110110
6 10
0000110010 1100101000 1001101101 0101100011 0110010010 0100100101
0010110011 0010101111 1011100101 0010011111 1001110011 0010010101
