100
1 2
00
01
10 10
0010100011 0101010110 0000111010 0100111101 1110110011 1010010100 1011000000 1001101111 1101001100 0111001001
0011000110 0110101100 1101100000 1010111100 0100110101 0001011001 1110011011 1001000011 0000110010 1111001111
4 9
111010110 010111000 111010111 010111001
001111001 001111000 100010110 100010111
1 3
111
010
6 3
110 001 011 101 111 010
001 010 100 110 000 101
10 10
0100001101 0111011000 1111000101 1111111000 0001111000 1001100010 1000000011 0100011111 1010110111 0010100110
1000011111 1000001101 1101111000 0011111000 1110100110 1011011000 0110110111 0011000101 0100000011 0101100010
9 10
1101010001 0010010100 0001111001 1100001011 1110101110 0001110000 1101110111 0000111001 1110101010
0000101111 0001110101 1100001110 0011010100 1100000111 0000001001 0011010000 1111101010 1101000111
8 5
00100 10101 01111 11000 11101 11001 11010 00110
11111 00011 00001 10010 01000 11101 11010 11110
2 10
0010100001 0011001000
1101100100 1100001101
2 8
01110110 11101011
11001101 01010000
10 10
1111010100 0110011010 0000011000 1111100101 0000111011 0000100010 0110001111 1111110001 1001001101 1001100110
0000000110 0000010011 0110111110 1001101101 1111010001 1001111001 0110100111 0110000100 1001001000 1111111010
10 10
0001111100 0011111110 1010101011 0001010011 1101010100 1101100000 1100001011 1010101111 0110000101 0110010000
0111110100 1011011010 0001010100 0000111111 1100001100 0000001011 1110100001 1011001111 1100100011 0111110000
4 8
00110000 11001111 11000011 00111100
11000011 00110000 11001111 00111100
2 6
101001 001101
100011 100111
1 10
1011010101
0100011010
4 10
1111101110 1101001000 1011101111 1001001001
0111100110 0001000001 0011100111 0101000000
4 7
1100111 1001111 1011010 1110010
0110101 0011101 0001000 0100000
10 10
1101110110 1010101001 1111000110 0001001011 0110111111 0001000100 1010000000 0001111010 0110011001 1100110101
1111101111 0101000011 0110110000 1111001001 0011110110 1000110010 0011011111 1000001100 0100000000 1000111101
2 6
010011 001111
110100 101000
10 10
0111001101 0011110001 1101010100 1110100000 0110100110 1010000101 1000011010 0001001111 0101111010 1000111011
1001110000 1011001110 0110001111 0101010011 0000000100 1011101111 1110100001 1101010101 0010111010 0100111000
4 9
110000001 110110001 000111100 000001100
110000000 000111101 000001101 110110000
2 4
1011 0000
0110 1011
10 10
1011101100 0000111111 1110000001 1100000111 0011010000 0011000111 0101111010 1100110000 0101111001 1010001110
0101101100 1110111111 1101010000 0010000111 0100001110 0010110000 1011111010 0000000001 1011111001 1101000111
5 7
1101000 0101001 1100100 0011101 1001001
0100010 0001111 1110110 1000010 0000011
2 7
1111011 1110110
0001011 0000110
3 9
000101001 100011010 001100100
000000011 001001100 010001010
4 9
011101010 111101110 011101000 111101100
110100011 010100101 010100111 110100001
4 10
0100110111 1111111011 0010001101 1111111010
1111011100 1111011101 0010101011 0100010001
10 10
1000111101 1001000111 1111111110 0100000110 0100101001 0000000000 1111110000 0010011010 1111111101 0011000011
0100100011 1001001101 1111111010 0010010000 1111110100 0011001001 0100001100 1000110111 0000001010 1111110111
10 9
011000110 110000110 101111101 011000111 010011011 001101001 101111100 001101000 010011010 110000111
110101101 011101100 011101101 101010111 010110000 110101100 001000010 010110001 101010110 001000011
2 7
0110100 0101010
0110111 0101001
10 6
100001 110110 101001 100011 101011 010001 111110 001111 011001 000111
101010 111101 011010 101000 010010 110101 100000 000100 001100 100010
1 10
0000000011
1111101100
2 10
1001101110 1011101000
0110010000 0100010110
10 10
1111100100 0100101010 1001101010 1011111001 0000011011 1000010100 0111000000 1100011111 0010110111 0111000101
1010011010 1101000001 0101100101 0110011110 1101000100 1110101011 0010010101 0001111000 0011101011 1000110110
10 10
1011000100 1011010000 1010100011 0100010010 0101001000 0111110101 0100101111 1001001111 0110111001 1000111110
0011100101 0001001110 0001110011 0010101001 1110001100 1100010011 1110011000 0000010100 1111111111 1101100010
2 2
10 11
00 01
8 9
101001000 010110001 110010101 101000100 110011001 001100000 101101010 110111011
010110001 101000100 101101010 001100000 110010101 110011001 101001000 110111011
9 7
1100101 1110111 1110110 0111101 0101011 1101101 0000010 1010110 1111111
0101011 0001011 1000000 0001010 0011000 0000010 0010000 1010110 1111111
10 10
1011001011 1010000000 1101100100 0000111111 0110111101 1101110100 0010011011 0111000110 0001100000 1100011011
0001100001 1101100101 1101110101 0010011010 1011001010 0000111110 0110111100 0111000111 1100011010 1010000001
8 8
11001000 01111101 10000000 11001010 00110101 01111111 00111101 10001000
00111111 00110111 10001010 01110101 01110111 11000000 10000010 11000010
7 6
011101 110000 101000 011000 000000 110010 010000
110100 001011 010100 110011 010110 101011 001111
10 10
0101010111 1011001010 0100111100 1011010000 0100000100 1110101111 0000100010 0000110001 1111111101 1011001011
0101101101 0100111111 1110010101 1111000110 0000001001 1011100000 1111111110 0000001000 1011110011 0000010010
2 10
0101110111 1001111001
1010011001 0110010111
8 9
100011011 100001111 111110101 011010000 010000111 100010100 100101100 100100000
110100010 010100110 001101010 110111101 100011001 111110010 100111011 010010110
10 10
0111000011 0110011111 0011100001 1000110010 0100111000 0001100101 1100011110 1010101100 1111001111 1001010000
1010000101 0101111010 1110100111 0000110100 0110101011 1101011100 1000000001 0001010110 0011001000 1111111011
6 10
1110001100 0011010110 1010000101 1001000010 0000110111 0101000111
1011100000 0010010101 0111100101 1000100111 0001110100 1100101110
6 10
1001101110 0100011000 0100111000 0110101010 0110001010 1001001110
0111001110 0101011100 0101111100 1000001010 1000101010 0111101110
2 3
100 101
010 011
10 10
0111111000 1010010001 1101111011 1101010100 1010001101 0001000110 1110100111 0010011010 0000101000 0101100111
0100011110 1010010001 0110101100 1001100010 0011001110 0101110000 0001010001 1110100111 1001001101 1110111011
1 4
0011
0101
10 10
1001110001 0110011101 1110010110 1100101110 1001001100 0101011000 0011100111 0010101011 1110110011 0001000000
0011100111 1001001100 1110010110 0001000000 0101011000 1100101110 1110110011 1001110001 0010101011 0110011101
10 10
1010100111 0001010010 1000101110 1010101101 1110011001 0111010000 0001111100 0100110110 1101000011 0111001001
0011011100 1000000111 1000101001 1110110010 0001010101 1101001101 0100111000 0011010110 1110101011 0111100010
2 3
011 100
011 110
4 10
1000000001 0010110010 1010101011 1110101111
1101010001 0111100010 0101001000 0001001100
1 10
0100101111
1011001000
10 10
0101011110 0011000010 0110101111 0010011110 1100111101 1110001001 1000110001 0111010001 1001100000 1001100110
1010011011 1111000000 1000101111 0001110111 0101100100 0000001001 1111000110 0011111000 0100111000 1110010111
10 10
1101100001 0011111110 0110100100 0011011010 0110000111 1000000100 1110011001 0001011111 1100100010 1001111001
1101010100 1000001111 0101110010 0010001001 0111010011 1001001100 1010110100 1100101001 0010101010 0111110111
10 10
1100001111 1001010011 1111011110 0001110011 0001101001 1011100000 0100000000 0010111101 1110111110 0110000100
0000110111 0101000100 1010001001 1000111000 1101100100 0110001010 0101011110 0010110011 1011101001 1111010111
4 5
11101 00110 10010 00111
01110 01111 11011 10100
7 10
0111010100 1010100001 0010010110 0011101101 0011111000 0010111110 1011000111
0101110010 1111010101 0001111100 0111001110 0100111001 1010100110 0001101011
10 10
1001011111 0001101000 0100110000 1110001111 0010000001 1100111010 0101110111 1110000101 0011110100 1011001010
0111010100 1011010000 0111011110 1101100001 0010011011 1000111001 0000001110 1100100110 1010100101 0101101011
10 10
0011001111 1010101000 0010000000 0000111110 1110010111 0100111100 1101010101 1101001001 1101100010 0011110011
0100100110 1010110111 1010000000 1001000010 0100011010 0111101011 0101010101 0011101001 1101111101 1010011100
5 6
111110 110110 111111 010100 000011
100001 110110 011100 011101 010100
5 9
011101100 000110010 100011110 101110000 001010010
100101110 001100010 000000010 011011100 101000000
8 5
00010 11011 11010 10010 00110 00001 01111 11101
01111 11100 10111 11101 01011 01101 01100 00011
10 10
1001101000 1101000110 0011101011 0000101001 1100010110 0010010001 1110011110 0111010001 1010100100 0101111111
0010011010 1011010101 0000110100 1111101111 1100100011 0111011010 0110100000 1000001101 1001011101 0101100010
10 10
0010000010 1100011000 1010110111 0001111010 0110010101 0111110000 0101000111 1010001110 1101101101 1001101001
0001010001 0010001111 0101010101 1010111010 1001000010 1111001000 1110101101 0010110110 0100100000 1101111111
1 10
0110011000
0100000110
4 9
011101011 001100010 100010100 110011101
011100011 001101010 100011100 110010101
9 9
100010101 010011001 010010110 001111100 011111010 000111000 110101110 011110011 110000100
000001100 101011110 101010001 010011101 010011111 101111110 001100101 010100100 010100110
9 9
110011110 110011000 000010111 000010110 101001000 101000011 000010000 001100011 110111100
010001111 001100010 111010110 101011100 101010011 101001010 001100011 010011001 011110001
10 10
1000001010 0011100011 0101111111 1100010010 0110101101 1001011100 0111100001 0010111000 1100000101 1011010110
0110011011 1000110001 0001011100 0011000010 0111000000 1101111111 1000100110 1100101001 0010001110 1111110101
4 8
11011001 10010111 10101100 10110100
10011001 10100010 10000001 11101100
7 10
1010100010 1011001000 0011111010 0000100000 1100111011 0101011011 1111100000
1101100110 1010101001 0111111111 0010010110 0101100000 0100001011 1100110000
10 10
0000100010 1101111110 0101110111 1110000001 0010011111 1010111000 0100101111 0011001000 1001010100 1111000001
1011001100 1010011011 0101111010 0111000101 1101110011 0110000101 1100101011 0010111100 1000100110 0001010000
10 10
1001111100 0011100110 1100100001 0101001011 1111011001 1110110101 0110011011 0010100110 0001010000 1000001110
0101101110 1011100111 1100110000 1010001011 1101000010 0111011000 0110011000 1000011111 0010100101 0001110101
7 7
1100100 0111011 1010110 1111101 1001001 0101111 1101110
1001101 1000000 1101100 0000010 1110100 0001000 1101111
1 5
00111
10010
2 8
01000110 10011001
01001110 10010001
8 6
010111 100000 001110 000000 110110 101110 110111 010110
001001 110000 000111 110001 010000 100111 010001 101001
9 7
1011011 0110000 0000011 1010011 0011100 1111011 0001010 0010111 0011011
0001011 1000111 1010011 1001100 0101011 0000011 1100000 1011010 1001011
3 9
111100010 110101101 000001011
110100110 111101001 001001111
7 8
00011001 10101001 00000000 00111000 00010101 01011100 00100101
10011010 10111100 11010010 01010010 00010010 01110100 00100010
10 6
111010 010101 011010 110001 110000 110101 010000 000101 010001 100101
011000 011001 111001 101100 111000 110011 010011 111100 001100 011100
4 8
11111010 11110010 01110010 01111010
00011110 10010110 10011110 00010110
10 10
1110011011 0001111000 0100110000 0111001000 1111000111 1011100111 0001111111 0110001110 1000100101 1000010000
0111011101 1111010010 1001100101 0000001010 0000111111 0110000001 1100101010 1001100010 1110010100 0011111101
7 9
000101100 111100101 001101000 110011010 100100001 100101010 110111111
101110100 110110000 010111101 100001011 110111011 011111001 100101110
10 10
1010010010 1011001100 1100001011 0111100000 0101111100 0010001000 0101110111 1010111111 0101100111 1000010001
0101010100 1010001100 0111111010 1101100011 0100100111 1010011100 1000001011 0101111001 0011100000 1010010111
4 10
0100001101 1000001000 1001101100 1111010010
1100110110 0111101001 0000110011 0001010111
10 10
0110101101 1111010010 1011000100 0010011000 0001111001 1000011011 0100110101 1000000110 1101101111 0111100010
0000101000 1100000110 1111010001 0011110111 1010101011 1110011110 0000110101 0111100001 1001001010 0101011100
5 9
110100011 101000101 000000011 100010110 010001110
000000111 010000000 000101000 010011001 100000010
8 9
010010000 111010010 001100100 010101000 100110010 010000010 011110110 011111101
011101101 011111111 011010101 110101111 000011001 010001011 010000000 101001111
7 10
0110011111 1100001011 0000100100 1101011111 1100101011 1001110010 1101000101
1001101111 0111010100 0011111110 1011000100 0101011111 0010101111 0100011010
5 10
1000111111 1110010001 0110100100 0100111000 1010001011
0101000000 0111110100 1001000111 0011101110 1011011011
10 10
0011110110 0110110100 1100010001 1111001000 0011101011 0000001111 1001010101 1100111110 0010100011 1101001000
1100011000 1111101110 1001110011 0110010010 1101101110 0010000101 0000101001 0011010000 0011001101 1100110111
4 6
000001 101100 100001 001100
011000 111000 010101 110101
10 10
1111010110 0001000100 1000010110 1100111000 0000100011 0100110100 0011010111 1000000011 0100111000 1011010010
1001001110 0000001001 1100111110 0100110010 0011011000 0000011100 1011011101 0111011100 1100110010 1000101001
1 2
10
00
8 9
110111001 111000001 101111001 010111000 001110100 101110101 001111000 011000000
101001101 110001101 000110100 001001100 010001100 110000001 100110101 010000000
