100
1 2
10
00
6 7
0111010 1001001 0010110 1111001 0100111 0111000
0101110 1100111 1011110 1100101 1000111 0100011
2 10
0101001111 0000001010
0010001010 0111001111
2 5
01010 10111
00000 00001
1 7
0011010
0000101
10 10
1110010011 0000001100 0000101110 1111101001 1011010000 1011000110 0001110000 1100111111 0100010101 0111101011
0100010111 1110010001 0001110010 0111101001 0000001110 1100111101 1011000100 1111101011 0000101100 1011010010
5 10
0101100110 1101111000 1000110000 1111101101 1010111000
0111101110 1000110000 1111110000 1101100101 1010111000
10 10
0011110101 0110011011 1000000000 1100011010 0010111100 1000101110 0101001111 1011100001 1101000010 0111110101
1001111101 1010101001 0000101000 0100110010 0100011100 1011000111 0001110000 1110001110 0111010011 1111000111
1 2
01
00
10 10
0101000011 0100101000 0010010100 1110001101 0011000011 1110110111 1001011100 1011100110 0101111011 1000111000
0101010111 1000100011 1001110000 1111001000 0010111100 1110011111 0010000110 1001001000 0100110011 0111101101
9 10
0011010100 0110011001 1000111010 1101011100 0010011000 0010100001 1010111011 1000110000 0000001101
0101111100 1101001011 1111011110 1011011111 1110010010 0101110110 1111100111 0111111101 0000011010
2 6
100101 101100
010001 011000
2 6
111111 000101
000101 111111
10 9
110110111 110011101 110000001 100100110 111100001 010000001 011100001 000100110 010110111 010011101
010101010 100111011 101101101 100001101 100010001 001101101 000001101 000010001 110101010 000111011
7 7
1001100 0101001 0111011 0011000 0011101 0000011 0000111
0111011 0001010 0100000 0011000 0100100 0111110 1101111
10 10
1100111101 1111011011 1110111100 1001100001 0011001101 0011000110 0111110010 0100000000 0000011010 1000100111
1011000101 1000010010 1100101101 0100000100 0101100011 0011111000 0010111110 1000011001 1111011111 0111100010
2 7
1011010 0001100
1010010 0000100
2 4
1110 1001
0100 0011
3 8
01001010 00110000 11000110
10100001 10010111 00000011
6 5
00010 01010 00110 10000 10100 01110
01001 00101 11011 11111 01101 00001
8 10
0000001001 1111000100 1010010101 0110100111 1110001001 1111001011 0011011101 1110011001
1100010100 1101000110 1101010110 0000000010 0101111000 1100011011 0011010110 1001001010
10 10
1000001101 1101101101 0101110100 0111100010 1011000010 1100010111 0011111000 0000111010 0110010001 1010001111
1101011111 1001000101 1010000111 1111001001 0111010000 1100101100 0000110010 0010110000 0110101010 0001111111
10 10
0101101001 0010101000 1011110011 1110010101 0010011000 0001010010 0101000111 1100110100 1100101111 1011001110
0101001100 1011100000 1100100111 0010111101 0101111100 1001000001 1100011010 0110000110 1011111011 0010010011
9 6
100110 000110 111000 001010 011100 100100 010011 110001 111101
011101 000100 110011 110110 111111 101000 010010 001000 101010
10 10
0010010111 1011101111 0111100011 1101010110 1100001001 0101101000 1010010001 0100001100 0010111100 1001110010
1100101000 0101110010 1011101111 0110011101 0100010110 1101110111 0011000010 1000001100 0011101001 1010010001
6 8
00000111 00000001 00011011 10100110 10111010 10100000
00000001 00011101 10111010 10100000 00011011 10111100
10 10
1000000010 0000111100 1111010100 0110011101 0000100111 1101101011 0110100100 1011111011 0101010011 1011001000
0000110110 1000001110 0101011111 1101111010 1101100001 1011111001 1011000000 0110100110 0110010101 0010001001
10 10
0000110110 1000100010 0011011011 1111111101 1000000100 0000111011 1111110101 0111000100 1101001000 0110001011
0010111001 0110100110 0011110110 1101011111 1000110101 0101000110 1101111001 1010001000 0101001011 1010000000
10 10
0111111100 0011110011 1000000000 0100000011 1101101000 0110001101 1110110110 0001011011 1001111110 1010000101
0111101110 1010010011 0101100000 0100010001 0000011110 1001101000 1101011011 0010110110 1011101101 1110000101
6 7
0001111 1110100 0000010 0110000 1000110 0111101
0110100 1111101 0111001 0000110 0001011 1001111
10 10
0101000101 0011011110 1101100001 1000001001 0000100000 0011011000 0111111010 1100100111 1110010110 1010111111
1000110000 0001011100 0110000110 1011000111 1110101111 0101111110 0101111000 0011100011 1100011001 1010000001
10 8
01111010 00101101 00101010 00111110 01111111 01100100 00111001 10110100 00110000 10000100
01110010 10001100 10111010 11010011 00111010 00101100 01110100 10000001 11001001 10010111
10 10
0001010101 1011001110 0010100101 0100100011 1010011011 1000110010 1111111110 0101101000 0101010000 1110001101
1101010010 1100000111 1110101110 0010111111 0011110100 1000010001 0011001100 1001100010 0100111001 0111001001
10 7
0011001 0100001 0100011 1111101 1100010 1100000 0011011 1110011 1110001 1111111
1001000 1110010 1110000 0101110 0100010 0101100 0110011 0100000 0110001 1001010
9 8
11110000 11110101 11001101 00101001 11100000 11100100 11110011 11000010 11000000
10111100 01000011 01000001 10011100 00101100 11110001 00100010 01010000 00110010
10 8
00101011 00001111 10101110 01000101 11100000 01001011 11001101 01011010 00101100 01011100
01011001 10110111 01100100 11101001 10000111 01000100 01101101 00000101 10000100 01000000
6 7
0001100 0011110 1000100 0000101 0111011 1011101
0111101 1110101 1100111 1000010 0100100 1111100
9 9
111000100 101001100 101000110 110001010 100001101 110001101 111111111 110111111 111011000
100011101 110001010 010001010 011001001 101010000 000101011 100101110 110011010 000011010
10 10
0011110010 0010010111 0100001101 1000011110 1101110000 0011110111 1111001001 0100001000 1010101010 1101100101
1000001101 1001101101 0110001010 0110011111 1000001000 0100110011 0001010000 1111110111 0011100100 1111110010
2 4
1010 1110
1110 1010
10 10
1001101001 0101101010 1110110111 0111011101 1100001111 1000100010 0011010001 1110100100 0000011000 0011010110
0101000000 1101111010 0001101101 1000001000 0011010101 0100001011 0011000110 1110110011 1110110100 1010111111
8 10
1101111101 1110110100 0000011101 0110110010 1001110011 1111100111 0011000000 1100001000
0100111111 1010000010 1011110111 1000011000 1001001011 0001001101 1110001100 0111100010
10 10
1100000010 0010001011 0011000101 0100001010 0011100100 0100111010 1111110101 1000111101 1111011001 1001110110
0010101111 0010001110 1110110011 1110011111 1101101000 0011100001 0101010000 0101100000 1000011100 1001010111
10 10
0011100100 1000110011 1110111101 1110101111 0101011011 1001001001 0000110000 0111011110 1010000000 0101000110
1111101001 1011000110 0110001101 1100100000 1011010100 1101011010 0010110111 0101011001 0000110010 0000101111
10 10
1000111101 0111111001 0111000111 1000000010 0100110100 0101011001 1011000100 1110110110 0011001011 1000101010
0010001011 0111111001 1101111011 1100010110 0001001101 1110110110 0001100101 0001110010 1010000100 1110001000
8 9
000101011 110101101 110001100 011101111 000001010 100111011 100011010 011001110
101111011 010101111 111101101 101011010 010001110 111001100 001101011 001001010
10 10
0000111010 1100100101 0010101111 1101010100 0001001010 1111110001 0010011011 0110000101 1101011110 1011100000
0010110101 0110011111 0101111010 1001100100 1011000001 1000010101 0100001010 1111010000 1001101110 0110101011
1 8
00110010
00110000
7 7
1101001 1100011 1100001 0101100 1111111 0011111 1011111
0110000 1100111 1101001 1001011 0001010 0111110 0110011
1 8
00111101
10000100
10 10
1011111011 0110011011 0001010100 0010000111 0110101101 1101000000 1101110100 0010101110 1100100001 1001011010
1001111100 0110010010 0101101000 0110111011 0010100111 1001001000 1101100110 1000011101 1111000111 0010010001
1 6
011101
000110
1 7
0010111
1011111
10 10
0110011011 0001101010 1111001010 0000010100 0001000101 0100100101 1100101011 1011111010 1110010101 1011110100
1100001011 0011010100 1011011010 0110011011 0111100101 0001101010 1001100100 1100000101 0110110100 1000111011
2 6
110101 001001
100101 110100
8 7
0111000 1111010 0001010 1001010 0111010 1000010 1110010 0001000
0001010 1001010 0001000 0111000 0111010 1000010 1111010 1110010
1 4
1110
0110
10 10
0111011010 1110011000 1001000011 0101101110 0010000001 0111100101 0000100001 1110011101 1001111110 1000110110
0001101000 0110000111 1010011011 1101000101 1101111000 0011100011 1010011110 0100100111 1100110000 0011011100
2 5
11000 01100
10011 00111
5 10
0000100001 1101110110 0000011000 0111000110 0110000011
1101001100 1101100010 1110110111 1100101010 1011010001
10 10
0101101100 1001010101 0110111011 1000111101 0001110011 0010101110 0011000011 1110010110 1100001000 1111000000
1001000010 1100111010 0011110001 0000111001 0111000100 1101010111 1010010101 1110001010 0001101111 0110101100
10 8
11100101 11011011 10100110 00000010 01111011 00011100 11010111 11101111 00111111 10110010
10100111 11110011 10001000 01000101 10100011 10110101 10101001 00000010 00011110 01100101
10 10
1100101011 0001000001 1001000111 0101010110 1110000100 1110111010 1001111000 0010110101 0010001011 0111111100
0111011110 0100101010 0111100000 0000111101 0010010111 1011010001 1001000000 1011101111 1100010011 1100101100
2 9
110000100 100100100
101000000 111100000
10 10
1011111100 0100111001 1010100001 1101000011 0100010011 0111011110 1000110000 0110001111 1001000110 0011101100
1001010001 0111100011 0000011100 0111001001 0100101110 1010110110 0101111111 1000001100 1110110011 1011000000
2 10
0011111010 1011111011
1110000001 0110000000
10 10
1101100101 1100000110 0111101101 1011001100 0000001000 1001111010 1011010111 0010110011 0110111001 0100010010
1100010100 0000101110 0110011100 0111111111 1101000000 0010000011 1001001010 1011110001 0000110101 1111101011
1 6
011011
001001
10 6
111111 011010 001011 101110 011110 100100 100111 110010 110111 000100
111000 000101 101000 111011 100000 010100 000001 110001 101101 011011
2 8
10101011 01000101
10001101 01100011
10 10
0011000100 1111111000 0101101000 1101100111 1110100111 1010011011 0100011110 0001010011 1000001100 0010110001
0010111100 1001110011 0110000000 1110101010 0011100011 1101001000 1000000101 1111011111 0100010111 0001111100
6 10
1000001100 1101110001 0101110001 0000001110 0101110011 0000001100
1000001100 1101110011 0101110011 1000001110 0000001110 1101110001
10 10
1001010011 1011100000 0001001100 0010101110 0111111011 0100011110 1101110011 1110011100 0100100101 1010000001
0101001111 0110101101 1101010000 1110000010 0011111000 1010011111 0000011101 1001110000 1111100011 0000100110
10 10
0000011001 0100111110 0101101011 1110011100 1011000101 1000100010 1110011110 0001100001 0111000110 1011110001
1111000011 0101100011 0000111100 0100110110 1001111111 0110011011 1010011000 1010101100 0001000100 1111000001
4 4
1010 1000 0000 0011
0011 1111 1110 0001
2 4
1000 1001
0000 0001
8 7
0001100 1001111 1000000 0101110 0010010 0101111 0000000 1101000
0111111 1111111 1011100 0011000 1110000 1001010 1011011 0010001
5 4
0110 0011 0100 1100 0001
0111 1101 1000 1010 1111
1 9
010111000
101001111
1 10
0001100111
1110111111
2 4
0110 0000
1001 1111
10 10
0000101110 1110001001 1001110110 1111010001 0110000111 0101001000 0000110000 1010101110 1011010011 0101111101
0010111000 1100100011 1101011110 0001110111 1001111001 1110000110 0010001101 0111000000 0111011110 1000100001
2 6
011010 011000
100111 100101
10 10
1001101101 0100110011 0011011001 1010001110 1101101001 1001110110 1100011001 0110010000 0010000110 0111100110
0001010000 0000100000 0101010100 1011011111 0110110111 1111100000 0101001111 1110111111 1000001010 1010101001
10 10
0010010101 1110101100 0010001011 0101110010 1001111100 0101011101 1100100101 1110000010 1011101010 0001010011
1111001110 0100010000 1111100001 0001010110 1000110111 1011101111 0100111110 0110011001 1000101001 0011000000
10 10
0100111101 0001111010 1101000011 1010010100 0110110101 1010101111 0011101101 1101000010 1011010010 0100001000
1110010010 1000000011 0001001000 0001111101 1000000010 1111101111 0011110101 1111010100 0100111010 0110101101
10 10
0110101011 1101000111 1000110000 0011011110 0101110111 0000010000 0010101011 1010101100 1101011000 1111000101
0101101111 0111110011 1111010011 0010000100 1100011101 1101101000 1010110100 1001101000 0010011011 0000000110
10 9
011010100 101011001 101010010 011101101 111111011 101100111 001100101 001000101 011110110 000111100
010011111 110100111 100000001 000010101 000001000 011111101 100000010 011011001 110000111 000011110
4 6
001100 001000 010100 010000
010010 001110 010110 001010
2 3
000 001
101 100
2 5
10011 11001
01100 10100
10 10
0001001101 0010000000 1000111111 0100101011 1111110110 0111111100 1101010011 1100011001 1011100010 0010000100
1011001100 1000011011 0001100011 1101111101 0111010010 0000101001 1110110000 0011000110 0100001111 1110110100
2 5
11000 10010
01101 00111
3 3
100 010 011
111 001 000
10 10
0001011000 0110100111 0101011010 0010101011 1001111101 1011110000 1001100100 1100000101 1110010010 0110001111
1100000010 1000000000 1111110001 1011111101 0011001000 0110101010 0100100111 1011010101 0001011111 0100111110
1 2
00
11
1 8
01100001
00010010
10 10
1000100100 1111011001 1001010010 0001001011 0100001000 0011100110 0110110101 1010111011 0100000100 1111111111
0110011101 1000100010 0110010001 1101100110 1011001011 1010111101 0001111111 1101000000 0100101100 0011010010
10 10
0110001111 1010110101 1101100011 0000110110 0000101110 1101011001 0111010000 1111011101 0000100010 1011001000
0100111101 1001101000 0010010110 0110000011 1001110000 1110001110 1111010001 0011101011 1001111100 0100000111
7 6
000011 000110 000001 111010 100111 011111 011011
010000 010001 111011 101101 100010 100011 011110
